(10000,3,5029,5035,5036,5042,5053)
(10001,4,5030,5041,5052)
(10002,2,5016,5027,5038,5049)
(10003,4,5052,5041,5030,5024,5018,5012,5011)
(10004,1,5030,5019,5008,5002,5001)
(10005,4,5028,5017,5006)
(10006,2,5029,5018,5007,5001)
(10007,1,5031,5020,5009,5003,5002,5001)
(10008,3,5049,5038,5027,5016,5005)
(10009,4,5043,5032,5021,5015,5014,5013,5012)
(10010,3,5051,5045,5039,5028,5017,5006)
(10011,1,5029,5040,5051)
(10012,2,5029,5018,5007,5001)
(10013,1,5053,5042,5031,5026,5021)
(10014,1,5025,5026,5032,5043,5054)
(10015,1,5000,5001,5007,5018,5029,5035,5041)
(10016,1,5030,5019,5013,5007,5001,5000)
(10017,5,5018,5023,5028,5039,5050)
(10018,3,5027,5038,5049)
(10019,1,5024,5030,5036,5042,5053)
(10020,3,5040,5035,5036,5031,5020,5009)
(10021,3,5015,5020,5031,5042,5053)
(10022,1,5003,5004,5010,5021,5032,5043)
(10023,4,5029,5023,5017,5006)
(10024,5,5044,5045,5040,5029,5018,5007,5002,5003)
(10025,1,5053,5042,5031,5025)
(10026,4,5039,5033,5027,5016)
(10027,2,5032,5043,5054)
(10028,2,5008,5014,5020,5031,5042,5053)
(10029,2,5032,5043,5054)
(10030,4,5039,5028,5017,5006)
(10031,5,5050,5045,5040,5029,5018,5013,5008,5003)
(10032,2,5017,5028,5039,5045,5046,5052)
(10033,3,5051,5046,5041,5030,5019,5014,5009,5004)
(10034,2,5001,5002,5008,5019,5030,5036)
(10035,5,5005,5016,5027)
(10036,2,5011,5017,5028,5039,5050)
(10037,5,5027,5016,5005)
(10038,3,5059,5054,5043,5032,5021,5010)
(10039,4,5020,5031,5042,5053,5059)
(10040,1,5049,5038,5033,5028,5017,5012,5007,5002,5003,5004)
(10041,2,5030,5041,5052)
(10042,2,5055,5050,5039,5034,5029,5018)
(10043,3,5040,5029,5018)
(10044,4,5036,5035,5029,5018,5007,5001)
(10045,4,5006,5012,5013,5019,5030,5041,5047)
(10046,4,5035,5034,5028,5017,5006,5000)
(10047,2,5030,5041,5052)
(10048,3,5005,5016,5027,5038,5049)
(10049,1,5003,5009,5020,5031)
(10050,3,5029,5035,5041,5052)
(10051,1,5013,5014,5015,5021,5032,5043)
(10052,3,5028,5039,5050)
(10053,1,5013,5014,5015,5021,5032,5043)
(10054,2,5017,5023,5024,5030,5041,5052,5058)
(10055,2,5001,5007,5018,5029,5035)
(10056,1,5025,5031,5042,5053)
(10057,4,5055,5050,5045,5040,5029,5018,5013)
(10058,4,5032,5021,5010,5004,5003)
(10059,2,5008,5014,5020,5031,5042)
(10060,3,5028,5034,5040,5051,5057,5058,5059)
(10061,3,5015,5020,5031,5036,5041,5052)
(10062,4,5008,5019,5030)
(10063,3,5022,5028,5039,5050,5056)
(10064,1,5031,5020,5014,5008,5002,5001,5000)
(10065,4,5001,5006,5011,5016,5027,5038,5049)
(10066,3,5058,5052,5046,5040,5034,5028,5017,5011)
